\begin{tabular}{rrrrrr}
  \hline
Sector/Year & Below High School & High School Graduate & Some College & College Graduate & Above College \\ 
  \hline
1960 & 0.646 & 0.269 & 0.064 & 0.017 & 0.005 \\ 
  1970 & 0.456 & 0.380 & 0.116 & 0.035 & 0.014 \\ 
  1980 & 0.248 & 0.449 & 0.197 & 0.077 & 0.029 \\ 
  1990 & 0.143 & 0.421 & 0.293 & 0.113 & 0.030 \\ 
  2000 & 0.103 & 0.383 & 0.323 & 0.146 & 0.046 \\ 
  2010 & 0.065 & 0.331 & 0.342 & 0.180 & 0.082 \\ 
  1960 & 0.338 & 0.308 & 0.122 & 0.151 & 0.081 \\ 
  1970 & 0.249 & 0.347 & 0.165 & 0.142 & 0.096 \\ 
  1980 & 0.133 & 0.356 & 0.226 & 0.153 & 0.131 \\ 
  1990 & 0.061 & 0.306 & 0.318 & 0.200 & 0.115 \\ 
  2000 & 0.041 & 0.259 & 0.327 & 0.227 & 0.146 \\ 
  2010 & 0.024 & 0.225 & 0.299 & 0.260 & 0.192 \\ 
   \hline
\end{tabular}
