\begin{tabular}{rrrrrr}
  \hline
Sector/Year & Below High School & High School Graduate & Some College & College Graduate & Above College \\ 
  \hline
1960 & 0.354 & 0.499 & 0.105 & 0.032 & 0.010 \\ 
  1970 & 0.234 & 0.530 & 0.155 & 0.059 & 0.022 \\ 
  1980 & 0.127 & 0.497 & 0.216 & 0.114 & 0.046 \\ 
  1990 & 0.086 & 0.392 & 0.302 & 0.167 & 0.054 \\ 
  2000 & 0.075 & 0.325 & 0.326 & 0.202 & 0.071 \\ 
  2010 & 0.053 & 0.262 & 0.322 & 0.253 & 0.110 \\ 
  1960 & 0.127 & 0.360 & 0.132 & 0.240 & 0.141 \\ 
  1970 & 0.088 & 0.345 & 0.147 & 0.242 & 0.178 \\ 
  1980 & 0.049 & 0.326 & 0.182 & 0.208 & 0.235 \\ 
  1990 & 0.029 & 0.247 & 0.247 & 0.258 & 0.220 \\ 
  2000 & 0.022 & 0.198 & 0.251 & 0.278 & 0.251 \\ 
  2010 & 0.015 & 0.155 & 0.229 & 0.292 & 0.309 \\ 
   \hline
\end{tabular}
