\begin{tabular}{rrrrrr}
  \hline
Sector/Year & Below High School & High School Graduate & Some College & College Graduate & Above College \\ 
  \hline
1960 & 0.415 & 0.357 & 0.114 & 0.079 & 0.035 \\ 
  1970 & 0.280 & 0.401 & 0.159 & 0.104 & 0.056 \\ 
  1980 & 0.172 & 0.408 & 0.188 & 0.145 & 0.088 \\ 
  1990 & 0.127 & 0.369 & 0.251 & 0.175 & 0.078 \\ 
  2000 & 0.120 & 0.334 & 0.266 & 0.196 & 0.085 \\ 
  2010 & 0.089 & 0.315 & 0.266 & 0.226 & 0.103 \\ 
  1960 & 0.294 & 0.314 & 0.115 & 0.126 & 0.152 \\ 
  1970 & 0.186 & 0.315 & 0.149 & 0.143 & 0.208 \\ 
  1980 & 0.100 & 0.306 & 0.184 & 0.160 & 0.250 \\ 
  1990 & 0.048 & 0.268 & 0.270 & 0.210 & 0.204 \\ 
  2000 & 0.030 & 0.231 & 0.288 & 0.247 & 0.204 \\ 
  2010 & 0.019 & 0.208 & 0.286 & 0.266 & 0.221 \\ 
   \hline
\end{tabular}
