\begin{tabular}{rrrrrr}
  \hline
Sector/Year & Below High School & High School Graduate & Some College & College Graduate & Above College \\ 
  \hline
1960 & 0.398 & 0.396 & 0.112 & 0.066 & 0.028 \\ 
  1970 & 0.266 & 0.441 & 0.157 & 0.090 & 0.046 \\ 
  1980 & 0.155 & 0.441 & 0.199 & 0.133 & 0.072 \\ 
  1990 & 0.110 & 0.378 & 0.272 & 0.172 & 0.068 \\ 
  2000 & 0.101 & 0.330 & 0.291 & 0.198 & 0.079 \\ 
  2010 & 0.074 & 0.292 & 0.290 & 0.238 & 0.106 \\ 
  1960 & 0.235 & 0.330 & 0.121 & 0.166 & 0.148 \\ 
  1970 & 0.146 & 0.327 & 0.148 & 0.184 & 0.195 \\ 
  1980 & 0.076 & 0.315 & 0.183 & 0.182 & 0.243 \\ 
  1990 & 0.038 & 0.257 & 0.258 & 0.235 & 0.212 \\ 
  2000 & 0.026 & 0.213 & 0.268 & 0.264 & 0.230 \\ 
  2010 & 0.017 & 0.179 & 0.255 & 0.280 & 0.269 \\ 
   \hline
\end{tabular}
