\begin{tabular}{rrrrrr}
  \hline
Sector/Year & Below High School & High School Graduate & Some College & College Graduate & Above College \\ 
  \hline
1960 & 0.376 & 0.407 & 0.116 & 0.070 & 0.030 \\ 
  1970 & 0.249 & 0.446 & 0.161 & 0.095 & 0.049 \\ 
  1980 & 0.146 & 0.440 & 0.199 & 0.139 & 0.076 \\ 
  1990 & 0.106 & 0.373 & 0.270 & 0.178 & 0.072 \\ 
  2000 & 0.101 & 0.323 & 0.287 & 0.205 & 0.083 \\ 
  2010 & 0.075 & 0.287 & 0.283 & 0.246 & 0.109 \\ 
  1960 & 0.222 & 0.333 & 0.121 & 0.168 & 0.157 \\ 
  1970 & 0.131 & 0.324 & 0.145 & 0.190 & 0.210 \\ 
  1980 & 0.066 & 0.308 & 0.176 & 0.187 & 0.263 \\ 
  1990 & 0.034 & 0.248 & 0.246 & 0.241 & 0.231 \\ 
  2000 & 0.023 & 0.204 & 0.256 & 0.271 & 0.246 \\ 
  2010 & 0.015 & 0.170 & 0.246 & 0.284 & 0.285 \\ 
   \hline
\end{tabular}
