\begin{tabular}{rrrrrrrr}
  \hline
Sector/Year & Professional, Technical & Labourers and Operatives & Managers, Officials, Proprietors & Clerical & Sales & Crafts & Services \\ 
  \hline
1960 & 0.117 & 0.327 & 0.140 & 0.063 & 0.069 & 0.248 & 0.037 \\ 
  1970 & 0.128 & 0.297 & 0.154 & 0.058 & 0.075 & 0.247 & 0.042 \\ 
  1980 & 0.153 & 0.257 & 0.178 & 0.056 & 0.075 & 0.230 & 0.050 \\ 
  1990 & 0.162 & 0.255 & 0.182 & 0.059 & 0.073 & 0.209 & 0.062 \\ 
  2000 & 0.178 & 0.237 & 0.177 & 0.064 & 0.071 & 0.202 & 0.071 \\ 
  2010 & 0.205 & 0.229 & 0.176 & 0.071 & 0.065 & 0.175 & 0.080 \\ 
  1960 & 0.323 & 0.124 & 0.091 & 0.140 & 0.002 & 0.142 & 0.178 \\ 
  1970 & 0.358 & 0.106 & 0.090 & 0.122 & 0.003 & 0.122 & 0.198 \\ 
  1980 & 0.365 & 0.093 & 0.104 & 0.115 & 0.003 & 0.113 & 0.208 \\ 
  1990 & 0.341 & 0.084 & 0.108 & 0.117 & 0.002 & 0.109 & 0.238 \\ 
  2000 & 0.357 & 0.079 & 0.095 & 0.096 & 0.006 & 0.110 & 0.257 \\ 
  2010 & 0.369 & 0.078 & 0.088 & 0.086 & 0.006 & 0.101 & 0.270 \\ 
   \hline
\end{tabular}
