\begin{tabular}{rrrrrrrr}
  \hline
Sector/Year & Professional, Technical & Labourers and Operatives & Managers, Officials, Proprietors & Clerical & Sales & Crafts & Services \\ 
  \hline
1960 & 0.106 & 0.303 & 0.114 & 0.163 & 0.066 & 0.183 & 0.065 \\ 
  1970 & 0.122 & 0.266 & 0.126 & 0.173 & 0.069 & 0.177 & 0.068 \\ 
  1980 & 0.152 & 0.214 & 0.157 & 0.179 & 0.071 & 0.152 & 0.074 \\ 
  1990 & 0.178 & 0.195 & 0.172 & 0.167 & 0.071 & 0.131 & 0.086 \\ 
  2000 & 0.204 & 0.171 & 0.167 & 0.163 & 0.069 & 0.125 & 0.101 \\ 
  2010 & 0.241 & 0.159 & 0.167 & 0.156 & 0.063 & 0.105 & 0.109 \\ 
  1960 & 0.376 & 0.082 & 0.068 & 0.224 & 0.001 & 0.090 & 0.159 \\ 
  1970 & 0.411 & 0.068 & 0.068 & 0.212 & 0.003 & 0.074 & 0.164 \\ 
  1980 & 0.421 & 0.057 & 0.085 & 0.215 & 0.002 & 0.062 & 0.157 \\ 
  1990 & 0.428 & 0.049 & 0.095 & 0.203 & 0.003 & 0.056 & 0.166 \\ 
  2000 & 0.464 & 0.046 & 0.082 & 0.174 & 0.006 & 0.053 & 0.174 \\ 
  2010 & 0.495 & 0.044 & 0.079 & 0.148 & 0.006 & 0.049 & 0.180 \\ 
   \hline
\end{tabular}
