\begin{tabular}{rrrrrrrr}
  \hline
Sector/Year & Professional, Technical & Labourers and Operatives & Managers, Officials, Proprietors & Clerical & Sales & Crafts & Services \\ 
  \hline
1960 & 0.076 & 0.242 & 0.048 & 0.419 & 0.060 & 0.017 & 0.137 \\ 
  1970 & 0.107 & 0.197 & 0.064 & 0.429 & 0.057 & 0.021 & 0.125 \\ 
  1980 & 0.151 & 0.142 & 0.122 & 0.383 & 0.065 & 0.024 & 0.113 \\ 
  1990 & 0.201 & 0.110 & 0.159 & 0.321 & 0.068 & 0.021 & 0.122 \\ 
  2000 & 0.240 & 0.081 & 0.152 & 0.299 & 0.067 & 0.018 & 0.142 \\ 
  2010 & 0.289 & 0.067 & 0.155 & 0.268 & 0.060 & 0.013 & 0.149 \\ 
  1960 & 0.464 & 0.013 & 0.029 & 0.362 & 0.001 & 0.004 & 0.128 \\ 
  1970 & 0.489 & 0.013 & 0.036 & 0.342 & 0.002 & 0.003 & 0.115 \\ 
  1980 & 0.486 & 0.016 & 0.062 & 0.330 & 0.002 & 0.005 & 0.099 \\ 
  1990 & 0.511 & 0.016 & 0.083 & 0.284 & 0.003 & 0.005 & 0.098 \\ 
  2000 & 0.554 & 0.017 & 0.072 & 0.240 & 0.006 & 0.005 & 0.104 \\ 
  2010 & 0.597 & 0.017 & 0.071 & 0.199 & 0.005 & 0.006 & 0.106 \\ 
   \hline
\end{tabular}
